00111000000010000000000000000001
00111000000010010000000000000010
00111000000010100000000000000011
00111000000010110000000000000100
00000000000000000000000000000000
00000001000010010110000000100000
00000001010010010110100000100010
00000001100011010111000000101010
10101111101010010000000000000000
10001111101010000000000000000000
00111000000010100000000000000011
00010101010011000000000000000001
00001000000000000000000000000011
00000000000000000000000000000000
00111001010100000000000000000010
00001100000000000000000000010010
00000010000100011001000000100000
00111000000000100000000000001010
00000000000000000000000000000000
00000001110011111000100000100000
00000011111000000000000000001000
