00111000000001000000000000000100
00111000000001010000000000001000
00000000100001010001100000100000
00000000100000110001000000101010
00001100000000000000000000000101
00001000000000000000000000001110
00000000000000000000000000000000
00000011101001011110100000100010
10101111101001000000000000000100
10101111101111110000000000000000
00010100100001010000000000000000
00000000000000000000000000000000
10001111101010010000000000000100
10001111101111110000000000000000
00000011101001011110100000100000
00000011111000000000000000001000
